0 0
1 1
2 2
3 3
4 4
5 5
6 6
7 7
8 8
9 9
10 10
11 11
12 12
13 13
14 14
15 15
16 16
17 17
18 18
19 19
20 20
21 21
22 22
23 23
24 24
25 25
26 26
27 27
28 28
29 29
30 30
31 31
32 32
33 33
34 34
35 35
36 36
37 37
38 36
39 37
40 38
41 39
42 40
43 41
44 42
45 43
46 44
47 45
48 46
49 47
50 48
51 49
52 50
53 51
54 52
55 53
56 54
57 55
58 56
59 57
60 58
61 59
62 60
63 61
64 62
65 63
66 64
67 65
68 66
69 67
70 68
71 69
70 70
71 71
72 72
73 73
74 74
75 75
76 76
77 77
78 78
79 79
80 80
81 81
82 82
83 83
84 84
85 85
86 86
87 87
88 88
89 89
90 90
91 91
92 92
93 93
94 94
95 95
96 96
97 97
98 98
99 99
100 100
101 101
102 102
103 103
104 104
105 105
106 106
107 107
108 108
109 109
110 110
111 111
112 112
113 113
114 114
115 115
116 116
117 117
118 118
119 119
120 120
121 121
122 122
123 123
124 124
125 125
126 126
127 127
128 128
129 129
130 130
131 131
132 132
133 133
134 134
135 135
136 136
136 137
137 138
138 139
139 140
140 141
141 142
142 143
143 144
144 145
145 146
146 147
147 148
148 149
149 150
150 151
151 152
152 153
153 154
154 155
155 156
156 157
157 158
158 159
159 160
160 161
161 162
162 163
163 164
164 165
165 166
166 167
167 168
168 169
169 170
170 171
171 172
172 173
173 174
174 175
175 176
176 177
177 178
178 179
179 180
180 181
181 182
182 183
183 184
184 185
185 186
186 187
187 188
188 189
189 190
190 191
191 192
192 193
193 194
194 195
195 196
196 197
197 198
198 199
199 200
200 201
201 202
202 203
203 204
204 205
205 206
206 207
207 208
208 209
209 210
210 211
211 212
212 213
213 214
214 215
215 216
216 217
217 218
218 219
219 220
220 221
221 222
222 223
223 224
224 225
225 226
226 227
227 228
228 229
229 230
230 231
231 232
232 233
233 234
234 235
235 236
236 237
237 238
238 239
239 240
240 241
241 242
242 243
243 244
244 245
245 246
246 247
247 248
248 249
249 250
250 251
251 252
252 253
253 254
254 255
255 256
256 257
257 258
258 259
259 260
260 261
261 262
262 263
263 264
264 265
265 266
266 267
267 268
268 269
269 270
270 271
269 271
270 272
271 273
272 274
273 275
274 276
275 277
276 278
277 279
278 280
279 281
280 282
281 283
282 284
283 285
284 286
285 287
286 288
287 289
288 290
289 291
290 292
291 293
292 294
293 295
294 296
295 297
296 298
297 299
298 300
299 301
300 302
301 303
302 304
303 305
304 306
305 307
306 308
307 309
308 310
309 311
310 312
311 313
312 314
313 315
314 316
315 317
316 318
317 319
318 320
319 321
320 322
321 323
322 324
323 325
324 326
325 327
326 328
327 329
328 330
329 331
330 332
331 333
332 334
333 335
334 336
335 337
336 338
337 339
338 340
339 341
340 342
341 343
342 344
343 345
344 346
345 347
346 348
347 349
348 350
349 351
350 352
351 353
352 354
353 355
354 356
355 357
356 358
357 359
358 360
359 361
360 362
361 363
362 364
363 365
364 366
365 367
366 368
367 369
368 370
369 371
370 372
371 373
372 374
373 375
374 376
375 377
376 378
377 379
378 380
379 381
380 382
381 383
382 384
383 385
384 386
385 387
386 388
387 389
388 390
389 391
390 392
391 393
392 394
393 395
394 396
395 397
396 398
397 399
398 400
399 401
399 402
399 403
399 404
399 405
399 406
399 407
399 408
399 409
399 410
399 411
399 412
399 413
399 414
399 415
399 416
399 417
399 418
399 419
399 420
399 421
399 422
399 423
399 424
399 425
399 426
399 427
399 428
399 429
399 430
399 431
399 432
399 433
399 434
399 435
399 436
399 437
399 438
399 439
399 440
399 441
399 442
399 443
399 444
399 445
399 446
399 447
399 448
399 449
399 450
399 451
399 452
399 453
399 454
399 455
399 456
399 457
399 458
399 459
399 460
399 461
399 462
399 463
399 464
399 465
399 466
399 467
399 468
399 469
399 470
399 471
399 472
399 473
399 474
399 475
399 476
399 477
399 478
399 479
399 480
399 481
399 482
399 483
399 484
399 485
399 486
399 487
399 488
399 489
399 490
399 491
399 492
399 493
399 494
399 495
399 496
399 497
399 498
399 499
399 500
399 501
399 502
399 503
399 504
399 505
399 506
399 507
399 508
399 509
399 510
399 511
399 512
399 513
399 514
399 515
399 516
399 517
399 518
399 519
399 520
399 521
399 522
399 523
399 524
399 525
399 526
399 527
399 528
399 529
399 530
399 531
399 532
399 533
399 534
399 535
399 536
399 537
399 538
399 539
399 540
399 541
399 542
399 543
399 544
399 545
399 546
399 547
399 548
399 549
399 550
399 551
399 552
399 553
399 554
399 555
399 556
399 557
399 558
399 559
399 560
399 561
399 562
399 563
399 564
399 565
399 566
399 567
399 568
399 569
399 570
399 571
399 572
399 573
399 574
399 575
399 576
399 577
399 578
399 579
399 580
399 581
399 582
399 583
399 584
399 585
399 586
399 587
399 588
399 589
399 590
399 591
399 592
399 593
399 594
399 595
399 596
399 597
399 598
399 599
399 600
400 601
401 602
402 603
403 604
404 605
405 606
406 607
407 608
408 609
409 610
410 611
411 612
412 613
413 614
414 615
415 616
416 617
417 618
418 619
419 620
420 621
421 622
422 623
421 624
422 625
423 626
424 627
425 628
426 629
427 630
428 631
429 632
430 633
431 634
432 635
433 636
434 637
435 638
436 639
437 640
438 641
439 642
440 643
441 644
442 645
443 646
444 647
445 648
446 649
447 650
448 651
449 652
450 653
451 654
452 655
453 656
454 657
455 658
456 659
457 660
458 661
459 662
460 663
461 664
462 665
463 666
464 667
465 668
466 669
467 670
468 671
469 672
470 673
471 674
472 675
473 676
474 677
475 678
476 679
477 680
478 681
479 682
480 683
481 684
482 685
483 686
484 687
485 688
486 689
487 690
488 691
489 692
490 693
491 694
492 695
493 696
494 697
495 698
496 699
497 700
498 701
499 702
500 703
501 704
502 705
503 706
504 707
505 708
506 709
507 710
508 711
509 712
510 713
511 714
512 715
513 716
514 717
515 718
516 719
517 720
518 721
519 722
520 723
521 724
522 725
523 726
524 727
525 728
526 729
527 730
528 731
529 732
530 733
531 734
532 735
533 736
534 737
535 738
536 739
537 740
538 741
539 742
540 743
541 744
542 745
543 746
544 747
545 748
546 749
547 750
548 751
549 752
550 753
551 754
552 755
553 756
554 757
555 758
556 759
557 760
558 761
559 762
560 763
561 764
562 765
563 766
564 767
565 768
566 769
567 770
568 771
569 772
570 773
571 774
572 775
573 776
574 777
575 778
576 779
577 780
578 781
579 782
580 783
581 784
582 785
583 786
584 787
585 788
586 789
587 790
588 791
589 792
590 793
591 794
592 795
593 796
594 797
595 798
596 799
597 800
598 801
599 802
600 803
601 804
602 805
603 806
604 807
605 808
606 809
607 810
608 811
609 812
610 813
611 814
612 815
613 816
614 817
615 818
616 819
617 820
618 821
619 822
620 823
621 824
622 825
623 826
624 827
625 828
626 829
627 830
628 831
629 832
630 833
631 834
632 835
633 836
634 837
635 838
636 839
637 840
638 841
639 842
640 843
641 844
642 845
643 846
644 847
645 848
646 849
647 850
648 851
649 852
650 853
651 854
652 855
653 856
654 857
655 858
656 859
657 860
658 861
659 862
660 863
661 864
662 865
663 866
664 867
665 868
666 869
667 870
668 871
669 872
670 873
671 874
672 875
673 876
674 877
675 878
676 879
677 880
678 881
679 882
680 883
681 884
682 885
683 886
684 887
685 888
686 889
687 890
688 891
689 892
690 893
691 894
692 895
693 896
694 897
695 898
696 899
697 900
698 901
699 902
700 903
701 904
702 905
703 906
704 907
705 908
706 909
707 910
708 911
709 912
710 913
711 914
712 915
713 916
714 917
715 918
716 919
717 920
718 921
719 922
720 923
721 924
722 925
723 926
724 927
725 928
726 929
727 930
728 931
729 932
730 933
731 934
732 935
733 936
734 937
735 938
736 939
737 940
738 941
739 942
740 943
741 944
742 945
743 946
744 947
745 948
746 949
747 950
748 951
749 952
750 953
751 954
752 955
753 956
754 957
755 958
756 959
757 960
758 961
759 962
760 963
761 964
762 965
763 966
764 967
765 968
766 969
767 970
768 971
769 972
770 973
771 974
772 975
773 976
774 977
775 978
776 979
777 980
778 981
779 982
780 983
781 984
782 985
783 986
784 987
785 988
786 989
787 990
788 991
789 992
790 993
791 994
792 995
793 996
794 997
795 998
796 999
797 999
798 999
799 999
800 999
801 999
802 999
803 999
804 999
805 999
806 999
807 999
808 999
809 999
810 999
811 999
812 999
813 999
814 999
815 999
816 999
817 999
818 999
819 999
820 999
821 999
822 999
823 999
824 999
825 999
826 999
827 999
828 999
829 999
830 999
831 999
832 999
833 999
834 999
835 999
836 999
837 999
838 999
839 999
840 999
841 999
842 999
843 999
844 999
845 999
846 999
847 999
848 999
849 999
850 999
851 999
852 999
853 999
854 999
855 999
856 999
857 999
858 999
859 999
860 999
861 999
862 999
863 999
864 999
865 999
866 999
867 999
868 999
869 999
870 999
871 999
872 999
873 999
874 999
875 999
876 999
877 999
878 999
879 999
880 999
881 999
882 999
883 999
884 999
885 999
886 999
887 999
888 999
889 999
890 999
891 999
892 999
893 999
894 999
895 999
896 999
897 999
898 999
899 999
900 999
901 999
902 999
903 999
904 999
905 999
906 999
907 999
908 999
909 999
910 999
911 999
912 999
913 999
914 999
915 999
916 999
917 999
918 999
919 999
920 999
921 999
922 999
923 999
924 999
925 999
926 999
927 999
928 999
929 999
930 999
931 999
932 999
933 999
934 999
935 999
936 999
937 999
938 999
939 999
940 999
941 999
942 999
943 999
944 999
945 999
946 999
947 999
948 999
949 999
950 999
951 999
952 999
953 999
954 999
955 999
956 999
957 999
958 999
959 999
960 999
961 999
962 999
963 999
964 999
965 999
966 999
967 999
968 999
969 999
970 999
971 999
972 999
973 999
974 999
975 999
976 999
977 999
978 999
979 999
980 999
981 999
982 999
983 999
984 999
985 999
986 999
987 999
988 999
989 999
990 999
991 999
992 999
993 999
994 999
995 999
996 999
997 999
998 999
999 999
